Продажи:
50000
60000
70000
65000
60000
55000
49000
45000
48000
50000
65000
60000

Прибыль :
20000
20700
21600
21400
21000
20350
20300
20000
20500
20700
21100
20800

Маржа:
40.0
33.33
37.5
30.0
40.0
40.0
40.0
40.0
40.0
40.0
30.0
30.0

Количество продаж:
300
330
350
335
315
290
288
280
301
310
318
311

Коэффициент конверсии:
3
4
5
4
3
3
3
2
3
3
4
4

Среднее время жизни клиента:
2.0
3.0
4.0
2.5
2.2
2.0
2.0
2.5
2.0
2.0
3.0
3.0

Доля рынка:
10.0
12.0
12.0
9.0
8.0
8.0
8.0
8.5
9.0
9.0
9.5
9.5

Частота покупок:
2
3
4
4
1
1
1
2
3
4
2
2

